# R script for Peak Model
#  -- generated by MACS
p <- c(0.02436273072195505,0.029327211699259097,0.033832018511997956,0.03704973766395428,0.04183034897543225,0.042749697304562635,0.04422065463117124,0.04348517596786694,0.04403678496534517,0.04569161195777985,0.04697869961856238,0.046243220955258076,0.046519025453997186,0.046702895119823264,0.04964480977304048,0.04734643895021453,0.048357722112257945,0.048081917613518835,0.049920614271779594,0.04936900527430137,0.0494609401072144,0.04909320077556225,0.05074802776799693,0.0521270502616925,0.04890933110973617,0.05350607275538807,0.0513915715983882,0.05240285476043161,0.049920614271779594,0.05001254910469263,0.05102383226673605,0.049828679438866555,0.04753030861604061,0.04596741645651896,0.044588393962823394,0.04045132648173669,0.03842876015764985,0.03796908599308466,0.039623912985519344,0.04017552198299757,0.04026745681591061,0.04376098046660605,0.04541580745904073,0.048173852446431874,0.05111576709964909,0.051943180595866424,0.05589637841112706,0.05534476941364883,0.05571250874530098,0.05488509524908364,0.05414961658577934,0.05589637841112706,0.05764314023647478,0.057275400904822624,0.0574592705706487,0.05929796722890946,0.05837861889977908,0.060493120056778954,0.05975764139347465,0.05929796722890946,0.06233181671503971,0.06159633805173541,0.05948183689473554,0.05966570656056161,0.060493120056778954,0.05975764139347465,0.06058505488969199,0.061780207717561486,0.0593899020618225,0.06150440321882237,0.057183466071909585,0.0547931604161706,0.053414137922475034,0.05175931093004035,0.048173852446431874,0.046427090621084154,0.04578354679069289,0.043025501803301745,0.046243220955258076,0.04559967712486681,0.04578354679069289,0.046427090621084154,0.046702895119823264,0.04569161195777985,0.04468032879573643,0.04394485013243213,0.04201421864125833,0.04045132648173669,0.04164647930960618,0.041278739977954025,0.042841632137475674,0.04366904563369301,0.042933566970388706,0.04330130630204086,0.044772263628649465,0.046610960286910225,0.04854159177808402,0.04964480977304048,0.04578354679069289,0.046610960286910225,0.048173852446431874,0.04863352661099706,0.04890933110973617,0.04725450411730149,0.04697869961856238,0.04688676478564934,0.044404524296997316,0.04357711080077997,0.044404524296997316,0.044404524296997316,0.04385291529951909,0.04504806812738858,0.04532387262612769,0.04854159177808402,0.05175931093004035,0.05203511542877946,0.05304639859082288,0.05626411774277921,0.05791894473521389,0.05571250874530098,0.054977030081996676,0.053689942421214144,0.055068964914909715,0.05663185707443136,0.05791894473521389,0.05589637841112706,0.05534476941364883,0.05644798740860529,0.05617218290986617,0.059022162730170344,0.05847055373269212,0.056815726740257436,0.05837861889977908,0.056815726740257436,0.0521270502616925,0.05267865925917073,0.05074802776799693,0.04716256928438845,0.046427090621084154,0.046519025453997186,0.045875481623605927,0.04789804794769276,0.04688676478564934,0.047989982780605796,0.04863352661099706,0.05083996260090997,0.05755120540356174,0.056907661573170475,0.05617218290986617,0.0540576817528663,0.05442542108451845,0.053230268256648956,0.05286252892499681,0.05249478959334465,0.05442542108451845,0.05424155141869237,0.05093189743382301,0.05534476941364883,0.05966570656056161,0.06058505488969199,0.060309250390952876,0.06021731555803984,0.058654423398518195,0.05883829306434427,0.05883829306434427,0.06122859872008326,0.0627914908796049,0.0601253807251268,0.0574592705706487,0.05782700990230085,0.06168827288464845,0.06417051337330047,0.06950273368225666,0.07014627751264793,0.07226077866964781,0.07373173599625642,0.07474301915829983,0.07676558548238667,0.08062684846473425,0.08053491363182122,0.07906395630521261,0.07814460797608223,0.07566236748743022,0.07658171581656059,0.07658171581656059,0.07143336517343046,0.07400754049499553,0.0729962573329521,0.07446721465956072,0.07226077866964781,0.0749268888241259,0.07630591131782148,0.07722525964695186,0.07750106414569097,0.07639784615073451,0.07786880347734312,0.07446721465956072,0.07584623715325628,0.072720452834213,0.07354786633043034,0.0734559314975173,0.07235271350256084,0.07033014717847401,0.06922692918351755,0.07023821234556098,0.072720452834213,0.07180110450508262,0.07069788651012616,0.06941079884934363,0.07327206183169123,0.07170916967216957,0.07051401684430009,0.07152530000634351,0.07161723483925654,0.07060595167721312,0.06996240784682185,0.07115756067469135,0.07207690900382173,0.07207690900382173,0.07124949550760439,0.06821564602147413,0.06922692918351755,0.06867532018603933,0.06931886401643059,0.07060595167721312,0.07124949550760439,0.0729962573329521,0.07244464833547389,0.07575430232034325,0.07400754049499553,0.07437527982664768,0.07455914949247376,0.07520269332286501,0.07648978098364755,0.07658171581656059,0.0741914101608216,0.07363980116334337,0.07281238766712604,0.07143336517343046,0.07382367082916945,0.07593817198616933,0.07740912931277794,0.07639784615073451,0.07511075848995198,0.07501882365703895,0.07658171581656059,0.07832847764190831,0.08062684846473425,0.07906395630521261,0.07796073831025616,0.07897202147229958,0.07667365064947362,0.07998330463434299,0.07768493381151705,0.07529462815577806,0.07768493381151705,0.07409947532790856,0.07124949550760439,0.07124949550760439,0.07281238766712604,0.07170916967216957,0.07134143034051743,0.06839951568730021,0.07207690900382173,0.07262851800129996,0.06977853818099579,0.06931886401643059,0.06959466851516971,0.0741914101608216,0.07483495399121287,0.0739156056620825,0.077592998978604,0.08200587095842983,0.08182200129260375,0.08274134962173413,0.08503972044456008,0.08807356993069033,0.09110741941682059,0.08788970026486426,0.08623487327242957,0.08853324409525552,0.08816550476360337,0.08660261260408172,0.08540745977621222,0.08743002610029907,0.08522359011038616,0.08577519910786438,0.08540745977621222,0.08329295861921236,0.08586713394077741,0.08605100360660349,0.08320102378629932,0.08421230694834274,0.08641874293825565,0.084855850778734,0.08476391594582096,0.0817300664596907,0.07970750013560388,0.08421230694834274,0.08081071813056033,0.08081071813056033,0.08329295861921236,0.0807187832976473,0.08016717430016906,0.08163813162677767,0.08669454743699476,0.08991226658895109,0.0943251385687769,0.0933138554067335,0.09588803072829856,0.0943251385687769,0.09064774525225539,0.09156709358138578,0.09285418124216831,0.09202676774595096,0.09000420142186412,0.08963646209021198,0.08761389576612515,0.08788970026486426,0.08779776543195121,0.0882574395965164,0.09395739923712476,0.09643963972577678,0.0935896599054726,0.09699124872325501,0.09827833638403755,0.09965735887773311,0.10379442635881982,0.10342668702716766,0.10682827584495007,0.10949438599942816,0.10710408034368918,0.10379442635881982,0.10627666684747183,0.10296701286260247,0.10076057687268956,0.09855414088277666,0.0952444868979073,0.09441707340168995,0.0923945070776031,0.08991226658895109,0.08926872275855982,0.09028000592060324,0.08853324409525552,0.08862517892816855,0.09037194075351627,0.09322192057382045,0.09175096324721185,0.09478481273334209,0.0943251385687769,0.09726705322199412,0.09901381504734184,0.10066864203977652,0.104254100523385,0.10315088252842855,0.10508151401960235,0.10508151401960235,0.10646053651329791,0.1061847320145588,0.10747181967534133,0.11050566916147159,0.11105727815894981,0.11114921299186285,0.10848310283738474,0.11243630065264539,0.11326371414886272,0.11317177931594968,0.11556208497168867,0.11675723779955816,0.11611369396916689,0.11390725797925398,0.11409112764508006,0.11602175913625386,0.11914754345529714,0.118779804123645,0.11657336813373209,0.11694110746538423,0.11510241080712348,0.11528628047294956,0.11629756363499297,0.11363145348051487,0.11252823548555842,0.11326371414886272,0.1134475838146888,0.11409112764508006,0.1129879096501236,0.11335564898177576,0.11390725797925398,0.11280403998429753,0.1156540198046017,0.11813626029325373,0.12107817494647094,0.12190558844268828,0.11960721761986233,0.12052656594899272,0.1214459142781231,