# R script for Peak Model
#  -- generated by MACS
p <- c(0.03293032883285506,0.038400483124026996,0.04332362198608174,0.047809148504842726,0.054810945997542805,0.055467364512483436,0.057655426228952214,0.061156324975302254,0.059952891031244425,0.05710841079983502,0.055576767598306875,0.05612378302742407,0.05612378302742407,0.056561395370717825,0.054373333654249054,0.052622884281074034,0.051966465766133396,0.049887807135488065,0.049012582448900555,0.049997210221311504,0.050981837993722454,0.049887807135488065,0.047699745419019286,0.049121985534723994,0.049997210221311504,0.051310047251192765,0.048793776277253675,0.051747659594486524,0.050434822564605256,0.04759034233319585,0.046605714560784904,0.045402280616727075,0.046168102217491146,0.043870637415198935,0.041354366441259845,0.042338994213670794,0.046277505303314585,0.04507407135925676,0.04671511764660834,0.047699745419019286,0.049778404049664625,0.050981837993722454,0.054263930568425614,0.054373333654249054,0.055467364512483436,0.053060496624367785,0.055029752169189684,0.054373333654249054,0.054592139825895926,0.055029752169189684,0.053388705881838104,0.053935721310955295,0.051747659594486524,0.051638256508663084,0.050216016392958376,0.049669000963841185,0.046386908389138025,0.049450194792194306,0.051528853422839645,0.051857062680309964,0.052622884281074034,0.050981837993722454,0.050325419478781816,0.052513481195250594,0.054810945997542805,0.057217813885658456,0.057764829314775654,0.057655426228952214,0.05535796142666,0.058093038572245966,0.05973408485959755,0.061922146576066324,0.061812743490242884,0.059296472516303794,0.06049990646036162,0.060828115717831935,0.061156324975302254,0.059187069430480355,0.058093038572245966,0.056670798456541265,0.055467364512483436,0.053498108967661544,0.05448273674007249,0.054045124396778735,0.053388705881838104,0.053826318225131856,0.054701542911719366,0.053716915139308416,0.054701542911719366,0.055904976855777194,0.056670798456541265,0.05885886017301004,0.061156324975302254,0.06520423915076949,0.061812743490242884,0.058530650915539724,0.054701542911719366,0.055467364512483436,0.055576767598306875,0.053169899710191225,0.05360751205348498,0.050872434907899014,0.049450194792194306,0.047152729989902095,0.05360751205348498,0.056670798456541265,0.06126572806112569,0.060937518803655374,0.059187069430480355,0.06039050337453818,0.05798363548642253,0.060828115717831935,0.06323498360594759,0.06575125457988668,0.06476662680747573,0.0646572237216523,0.06257856509100695,0.060937518803655374,0.061812743490242884,0.060718712632008495,0.06476662680747573,0.06498543297912261,0.06432901446418197,0.06378199903506478,0.06148453423277257,0.061156324975302254,0.06039050337453818,0.059077666344656915,0.06049990646036162,0.06060930954618506,0.058530650915539724,0.056014379941600634,0.053498108967661544,0.051638256508663084,0.052294675023603715,0.053935721310955295,0.055795573769953755,0.061922146576066324,0.06378199903506478,0.0655324484082398,0.06290677434847727,0.06312558052012415,0.0646572237216523,0.06432901446418197,0.06695468852394451,0.06761110703888513,0.06706409160976795,0.06695468852394451,0.06586065766571012,0.06706409160976795,0.07165902121435237,0.0748317107032321,0.0748317107032321,0.07461290453158521,0.07111200578523517,0.07045558727029455,0.07133081195688205,0.06903334715458984,0.06640767309482731,0.06498543297912261,0.06225035583353664,0.060281100288714744,0.058968263258833475,0.060281100288714744,0.060937518803655374,0.05973408485959755,0.05798363548642253,0.05787423240059909,0.059952891031244425,0.059077666344656915,0.05787423240059909,0.059952891031244425,0.06257856509100695,0.06225035583353664,0.061046921889478814,0.059187069430480355,0.057327216971481895,0.054920349083366245,0.050434822564605256,0.048684373191430236,0.051091241079545886,0.050981837993722454,0.049559597878017746,0.050216016392958376,0.051091241079545886,0.052404078109427155,0.05699900771401158,0.059405875602127234,0.06400080520671166,0.06695468852394451,0.0680487193821789,0.06815812246800233,0.06739230086723826,0.06706409160976795,0.06662647926647419,0.06564185149406324,0.06509483606494605,0.06586065766571012,0.06443841755000541,0.06257856509100695,0.06235975891936008,0.0621409527477132,0.06345378977759447,0.06257856509100695,0.06334438669177103,0.06498543297912261,0.06225035583353664,0.059843487945420985,0.058421247829716284,0.06039050337453818,0.060281100288714744,0.059405875602127234,0.05962468177377411,0.060281100288714744,0.061703340404419445,0.06312558052012415,0.06498543297912261,0.06509483606494605,0.06640767309482731,0.06717349469559139,0.06673588235229763,0.06520423915076949,0.06498543297912261,0.06454782063582885,0.06367259594924135,0.060828115717831935,0.05951527868795067,0.06225035583353664,0.061812743490242884,0.060718712632008495,0.061703340404419445,0.06400080520671166,0.0680487193821789,0.06979916875535391,0.07220603664346957,0.07450350144576177,0.07614454773311335,0.07866081870705245,0.08095828350934467,0.08391216682657751,0.08325574831163687,0.08248992671087281,0.07756678784881807,0.07603514464728992,0.07494111378905553,0.07723857859134775,0.07756678784881807,0.0782232063637587,0.07833260944958213,0.07800440019211181,0.07559753230399617,0.07691036933387743,0.07909843105034621,0.07953604339363995,0.08117708968099155,0.08095828350934467,0.0816147020242853,0.07920783413616965,0.07844201253540557,0.07712917550552431,0.07734798167717119,0.07844201253540557,0.07614454773311335,0.07811380327793525,0.07986425265111027,0.08380276374075407,0.08555321311392909,0.08664724397216347,0.08850709643116193,0.09036694889016039,0.09332083220739325,0.09660292478209641,0.10458935004720743,0.10830905496520435,0.10579278399126525,0.10316710993150273,0.10185427290162147,0.10174486981579803,0.10086964512921051,0.10032262970009333,0.09966621118515269,0.09605590935297921,0.08971053037521977,0.09091396431927759,0.09003873963269007,0.09003873963269007,0.09529008775221513,0.09310202603574637,0.09693113403956671,0.09463366923727451,0.09682173095374329,0.09561829700968545,0.09725934329703703,0.09299262294992293,0.09463366923727451,0.0951806846663917,0.09299262294992293,0.09572770009550889,0.09649352169627297,0.10043203278591675,0.10272949758820897,0.10568338090544181,0.10524576856214807,0.1073244271927934,0.10513636547632463,0.10119785438668083,0.09693113403956671,0.09572770009550889,0.09124217357674791,0.09080456123345415,0.08664724397216347,0.08686605014381035,0.08949172420357289,0.08719425940128067,0.09135157666257135,0.09507128158056827,0.09780635872615423,0.10054143587174019,0.10152606364415115,0.10086964512921051,0.10272949758820897,0.09933800192768237,0.10108845130085739,0.10688681484949965,0.10458935004720743,0.10502696239050119,0.10491755930467775,0.10272949758820897,0.10426114078973711,0.10469875313303087,0.10601159016291213,0.10907487656596843,0.10699621793532309,0.10469875313303087,0.10437054387556055,0.10688681484949965,0.10951248890926217,0.11016890742420281,0.10973129508090905,0.10819965187938091,0.10633979942038245,0.11082532593914345,0.11279458148396533,0.11016890742420281,0.11388861234219973,0.11202875988320127,0.10973129508090905,0.11454503085714035,0.11498264320043411,0.11924936354754823,0.12099981292072325,0.12078100674907637,0.12056220057742949,0.12657937029771862,0.1257041456111311,0.12865802892836395,0.12865802892836395,0.12176563452148731,0.12253145612225139,0.11881175120425447,0.11913996046172479,0.11476383702878723,0.11531085245790443,0.11159114753990751,0.11388861234219973,0.11159114753990751,0.11618607714449193,0.1174989141743732,0.11881175120425447,0.11815533268931383,0.11728010800272633,0.1194681697191951,0.11881175120425447,0.1174989141743732,0.11804592960349039,0.11454503085714035,0.11093472902496687,0.11257577531231847,0.11585786788702163,0.11968697589084197,0.11979637897666541,0.11782712343184353,0.11552965862955131,0.11859294503260759,0.11771772034602009,0.12329727772301545,0.1251571301820139,0.1282204165850702,0.12614175795442487,0.12614175795442487,0.13117429990230303,